0.3561899662017822	50	[2.3848679617112296, 1.7650281032998372, 1.7802492650902606, 82.0625, 2.5, 8.4375]
0.7559504508972168	50	[2.401545989883981, 1.7638087931520303, 1.779298536352432, 81.1875, 2.5, 8.75]
1.1572015285491943	50	[2.640010048582986, 1.5125573082457464, 1.7628592992999443, 80.8125, 2.0625, 10.6875]
1.5520665645599365	50	[2.640010048582986, 1.5125573082457464, 1.7629102637857703, 80.4375, 1.0625, -4.875]
1.9478662014007568	50	[2.3764677291870755, 1.866507623903292, 1.7505570366458425, 79.9375, -0.0625, -5.5]
2.3530569076538086	50	[2.234849584481068, 2.114230896999737, 1.7478212643199909, 79.375, -0.875, 9.6875]
2.7503795623779297	50	[2.234849584481068, 2.114230896999737, 1.7317575374391772, 78.9375, -0.9375, 8.5]
3.1523072719573975	50	[2.266970499183628, 2.253821555559147, 1.7203082195837387, 78.75, -0.25, 9.0625]
3.579334259033203	50	[2.360747588974396, 2.217661731043434, 1.693471896204171, 78.75, 0.75, 10.9375]
3.979501485824585	50	[2.360747588974396, 2.217661731043434, 1.6735328568239638, 78.6875, 1.75, -4.8125]
4.377819538116455	50	[2.3432107568188787, 2.370476017123024, 1.6610076857977003, 78.5, 2.0625, -5.375]
4.7810468673706055	50	[2.328071965060274, 2.467644055730189, 1.6474012564773601, 78.25, 1.625, 9.875]
5.187668323516846	50	[2.328071965060274, 2.467644055730189, 1.6511620993242124, 78.1875, 0.6875, 8.875]
5.587143659591675	50	[2.3183329029246997, 2.781043407919632, 1.6489065543308155, 78.1875, -0.1875, 9.625]
5.987004518508911	50	[2.277212346441226, 2.9655722867805205, 1.6311761912019846, 78.1875, -0.8125, -5.625]
6.386892080307007	50	[2.277212346441226, 2.9655722867805205, 1.6248566826709199, 78.25, -0.8125, -4.75]
6.78367280960083	50	[2.2253888702079516, 3.2977868509805637, 1.612851673481076, 78.3125, -0.3125, -5.3125]
7.210511922836304	50	[2.5688313986268905, 3.2215830040429334, 1.5979384572255704, 78.375, 0.5, 10.0]
7.613279342651367	50	[2.5688313986268905, 3.2215830040429334, 1.5806099779923477, 78.625, 1.4375, 9.0625]
8.013283967971802	50	[2.3287791036709713, 3.991805269416065, 1.5680597329535713, 79.125, 1.8125, 9.8125]
8.42379379272461	50	[2.662439899952634, 4.21445061455183, 1.5517767420514852, 79.8125, 1.75, -5.5625]
8.865889072418213	50	[2.662439899952634, 4.21445061455183, 1.5553919829679652, 80.5, 1.0625, -4.75]
9.276417016983032	50	[2.112221819022551, 4.575567611543246, 1.5426123022713423, 81.375, 0.0, -5.5625]
9.673927068710327	50	[2.414255338047135, 5.017113477066126, 1.5482605311186113, 82.3125, -0.6875, 10.0]
10.092541217803955	50	[2.414255338047135, 5.017113477066126, 1.5398567940588246, 83.5625, -0.875, 9.5]
10.506646156311035	0	[2.1539160941587006, 5.436395528566195, 1.5267805754460064, 85.125, -0.4375, 10.5]
10.923423051834106	0	[2.1564297212006993, 5.662776543861135, 1.5135543677038572, 86.875, 0.75, -5.375]
11.348766565322876	0	[2.1564297212006993, 5.662776543861135, 1.4926140812858062, 88.75, 2.375, -5.375]
11.755277395248413	0	[2.1691242553261403, 6.226923474057644, 1.4742954587246975, 90.8125, 3.875, 10.375]
12.151351928710938	0	[2.197698239341452, 6.472662498470667, 1.4669675510514906, 92.9375, 4.4375, 9.1875]
12.565502405166626	0	[2.197698239341452, 6.472662498470667, 1.4577644604847666, 95.3125, 4.0625, 9.1875]
12.991402387619019	0	[2.1576000946421128, 6.999267336602306, 1.4458943274997802, 98.0625, 2.875, 10.4375]
13.402456045150757	0	[2.2083467721470154, 7.334202350362449, 1.4442456540922561, 101.1875, 1.375, -5.3125]
13.827186584472656	0	[2.2083467721470154, 7.334202350362449, 1.4340183967691134, 104.25, 0.5, -5.5]
14.271294832229614	0	[2.2562170157705093, 7.837068889610047, 1.4092049630578545, 107.625, 0.3125, 10.0625]
14.66348123550415	0	[2.4218836992959436, 8.106837289429668, 1.392250036204753, 111.625, 1.0625, 8.9375]
15.058102130889893	0	[2.4218836992959436, 8.106837289429668, 1.3611866674738635, 115.6875, 2.1875, 9.125]
15.481428861618042	0	[2.4218836992959436, 8.106837289429668, 1.327148701741932, 120.1875, 3.25, 10.25]
15.878031730651855	0	[2.2731824351344065, 8.891777392610644, 1.2918882706888082, 125.5625, 3.8125, -5.75]
16.28940486907959	0	[2.2731824351344065, 8.891777392610644, 1.272044541398793, 130.875, 3.4375, -5.9375]
16.689847946166992	0	[2.6475519262269946, 9.118626540858854, 1.2493590568106983, 136.5625, 2.1875, 10.125]
17.08572292327881	0	[2.732458021004523, 9.294027115829604, 1.2318854352470594, 142.25, 0.875, 9.5]
17.51693367958069	0	[2.732458021004523, 9.294027115829604, 1.201767256205725, 148.375, 0.0, 9.6875]
17.92834234237671	0	[2.899097365044621, 9.746263478973143, 1.1693939449726483, 155.1875, -0.0625, 10.6875]
18.339261770248413	0	[2.9393268046087635, 9.86669778508255, 1.1260272516388046, 161.8125, 0.875, -5.9375]
18.740423440933228	0	[2.9393268046087635, 9.86669778508255, 1.0897945996647176, 168.3125, 2.1875, 10.5]
19.139659881591797	0	[3.109716180275823, 10.103847044500844, 1.0611456755192534, 174.75, 3.25, 9.625]
19.569231271743774	0	[3.181528777980781, 10.221222640200601, 1.0316969712836206, 181.1875, 3.5625, 9.3125]
19.99989128112793	0	[3.181528777980781, 10.221222640200601, 1.0005733519442315, 187.9375, 3.125, 10.1875]
20.419316053390503	0	[3.181528777980781, 10.221222640200601, 0.9779685924247227, 194.3125, 2.125, -5.6875]
20.840954542160034	50	[3.181528777980781, 10.221222640200601, 0.9494461762555209, 200.375, 1.0625, -5.4375]
21.2700617313385	50	[3.181528777980781, 10.221222640200601, 0.9219085632953007, 206.0, 0.125, 10.5625]
21.678025484085083	50	[3.181528777980781, 10.221222640200601, 0.9137648341160685, 211.625, -0.8125, 9.625]
22.083852529525757	50	[3.181528777980781, 10.221222640200601, 0.8938684206082076, 216.6875, -1.3125, 9.5625]
22.487650394439697	50	[3.181528777980781, 10.221222640200601, 0.8719899706972192, 221.8125, -1.3125, 10.625]
22.893108367919922	50	[3.181528777980781, 10.221222640200601, 0.8503532540116379, 226.6875, -0.6875, -5.5625]
23.299374103546143	50	[3.9252381854863105, 10.793168327596327, 0.8401052845912554, 231.4375, 0.125, -5.75]
23.727193593978882	50	[3.9939661617215765, 10.77044910268581, 0.8229576743779397, 236.0625, 0.6875, 10.4375]
24.129465579986572	50	[3.9939661617215765, 10.77044910268581, 0.8142575130617526, 240.875, 0.6875, 9.75]
24.528114318847656	50	[3.9939661617215765, 10.77044910268581, 0.8136557855441707, 245.375, 0.3125, 10.125]
24.95518136024475	50	[3.9939661617215765, 10.77044910268581, 0.8103121712481173, 249.8125, -0.25, -5.8125]
25.382818460464478	50	[3.9939661617215765, 10.77044910268581, 0.8119251274765137, 254.4375, -0.875, -5.0]
25.780253648757935	50	[3.9939661617215765, 10.77044910268581, 0.8115024542531415, 259.0, -1.0625, -5.1875]
26.19993543624878	50	[3.9939661617215765, 10.77044910268581, 0.8121721414647238, 263.125, -0.875, 10.875]
26.617176294326782	50	[3.9939661617215765, 10.77044910268581, 0.8134319596838483, 267.625, -0.3125, 10.25]
27.035569190979004	50	[3.9939661617215765, 10.77044910268581, 0.8130889618920683, 272.0625, 0.3125, 10.4375]
27.429962635040283	50	[3.9939661617215765, 10.77044910268581, 0.8199670130368538, 276.75, 0.875, -5.875]
27.824114322662354	50	[3.9939661617215765, 10.77044910268581, 0.8208914584806374, 281.0625, 1.0, -5.4375]
28.24156403541565	50	[3.9939661617215765, 10.77044910268581, 0.8403268853713171, 285.4375, 0.6875, -5.625]
28.65058398246765	50	[3.9939661617215765, 10.77044910268581, 0.8522701632851505, 290.1875, 0.0625, 10.6875]
29.044686794281006	50	[3.9939661617215765, 10.77044910268581, 0.8627698682418949, 294.875, -0.5, 10.375]
29.438825607299805	50	[3.9939661617215765, 10.77044910268581, 0.8816505502021428, 299.5, -0.8125, 10.8125]
29.832533597946167	50	[3.9939661617215765, 10.77044910268581, 0.9003626445522196, 304.1875, -0.75, -5.3125]
30.251737117767334	50	[3.9939661617215765, 10.77044910268581, 0.9110379507350141, 309.0, -0.25, -5.0]
30.666693925857544	50	[3.9939661617215765, 10.77044910268581, 0.9295028886909985, 314.25, 0.375, -5.5625]
31.074360847473145	0	[3.9939661617215765, 10.77044910268581, 0.9415051772834575, 319.5, 0.8125, 10.625]
31.486196994781494	0	[3.9939661617215765, 10.77044910268581, 0.9618632726106848, 324.8125, 0.875, 10.375]
